0
0,0,0,0
-0.18
0,0,0,1
0.7
0,0,0,2
0.44
0,0,1,0
-0.24
0,0,1,1
0.6
0,0,1,2
0.38
0,0,2,0
0.3
0,0,2,1
0.36
0,0,2,2
0.92
0,1,0,0
-0.56
0,1,0,1
-0.02
0,1,0,2
0.34
0,1,1,0
0.02
0,1,1,1
0.22
0,1,1,2
0.26
0,1,2,0
0.74
0,1,2,1
0.32
0,1,2,2
-0.52
0,10,0,0
0.54
0,10,0,1
-0.64
0,10,0,2
0.66
0,10,1,0
-0.78
0,10,1,1
0.66
0,10,1,2
-0.5
0,10,2,0
0.18
0,10,2,1
0.24
0,10,2,2
-0.96
0,2,0,0
0.6
0,2,0,1
0.66
0,2,0,2
0.42
0,2,1,0
0.2
0,2,1,1
0.28
0,2,1,2
0.04
0,2,2,0
0.8
0,2,2,1
0.2
0,2,2,2
-0.02
0,3,0,0
-0.38
0,3,0,1
-0.54
0,3,0,2
0.98
0,3,1,0
0.88
0,3,1,1
-0.78
0,3,1,2
-0.5
0,3,2,0
-0.52
0,3,2,1
0.02
0,3,2,2
-0.7
0,4,0,0
-0.74
0,4,0,1
-0.22
0,4,0,2
0.34
0,4,1,0
0.94
0,4,1,1
-0.62
0,4,1,2
0.52
0,4,2,0
-0.76
0,4,2,1
-0.34
0,4,2,2
0.98
0,5,0,0
-0.64
0,5,0,1
0.84
0,5,0,2
-0.3
0,5,1,0
0.48
0,5,1,1
-1
0,5,1,2
0.9
0,5,2,0
0.42
0,5,2,1
-0.22
0,5,2,2
-0.34
0,6,0,0
-0.22
0,6,0,1
-0.36
0,6,0,2
-0.26
0,6,1,0
-0.1
0,6,1,1
0.14
0,6,1,2
0.42
0,6,2,0
0.9
0,6,2,1
-0.9
0,6,2,2
0.42
0,7,0,0
-0.52
0,7,0,1
0.72
0,7,0,2
-0.84
0,7,1,0
0.02
0,7,1,1
0.08
0,7,1,2
0.48
0,7,2,0
-0.52
0,7,2,1
0.5
0,7,2,2
0.4
0,8,0,0
-0.34
0,8,0,1
0.26
0,8,0,2
-0.42
0,8,1,0
0.98
0,8,1,1
0.16
0,8,1,2
0.88
0,8,2,0
0.04
0,8,2,1
-0.74
0,8,2,2
-0.3
0,9,0,0
0.98
0,9,0,1
-0.08
0,9,0,2
0.14
0,9,1,0
0.42
0,9,1,1
-0.54
0,9,1,2
-0.66
0,9,2,0
-0.94
0,9,2,1
0.88
0,9,2,2
-0.04
1,0,0,0
0.56
1,0,0,1
0.72
1,0,0,2
-0.86
1,0,1,0
0.88
1,0,1,1
0.3
1,0,1,2
0.6
1,0,2,0
-0.36
1,0,2,1
-0.22
1,0,2,2
0.68
1,1,0,0
0.2
1,1,0,1
0.3
1,1,0,2
0.44
1,1,1,0
0.22
1,1,1,1
0.16
1,1,1,2
0.68
1,1,2,0
-0.84
1,1,2,1
0.44
1,1,2,2
-0.76
1,10,0,0
0.26
1,10,0,1
0.84
1,10,0,2
-0.08
1,10,1,0
-0.92
1,10,1,1
0.22
1,10,1,2
-0.38
1,10,2,0
0.96
1,10,2,1
0.38
1,10,2,2
0.04
1,2,0,0
-0.62
1,2,0,1
-0.06
1,2,0,2
-0.02
1,2,1,0
-0.02
1,2,1,1
0.18
1,2,1,2
0.42
1,2,2,0
0.04
1,2,2,1
-0.32
1,2,2,2
-0.56
1,3,0,0
-0.58
1,3,0,1
-0.6
1,3,0,2
0.84
1,3,1,0
-0.34
1,3,1,1
0.6
1,3,1,2
-0.22
1,3,2,0
0.48
1,3,2,1
-0.82
1,3,2,2
-0.44
1,4,0,0
0.94
1,4,0,1
1
1,4,0,2
0.86
1,4,1,0
-0.42
1,4,1,1
-0.5
1,4,1,2
-0.92
1,4,2,0
0.32
1,4,2,1
0.58
1,4,2,2
0.62
1,5,0,0
0.96
1,5,0,1
-0.58
1,5,0,2
0.82
1,5,1,0
0.24
1,5,1,1
0.64
1,5,1,2
-0.92
1,5,2,0
0.18
1,5,2,1
1
1,5,2,2
-0.32
1,6,0,0
-0.98
1,6,0,1
0.02
1,6,0,2
0.6
1,6,1,0
0.84
1,6,1,1
0.38
1,6,1,2
0.54
1,6,2,0
-0.22
1,6,2,1
-0.24
1,6,2,2
0.94
1,7,0,0
0.02
1,7,0,1
-0.32
1,7,0,2
-0.3
1,7,1,0
-0.62
1,7,1,1
-0.56
1,7,1,2
-0.98
1,7,2,0
0.34
1,7,2,1
-0.82
1,7,2,2
0.8
1,8,0,0
-0.38
1,8,0,1
0.64
1,8,0,2
-0.78
1,8,1,0
0.02
1,8,1,1
0.68
1,8,1,2
0.56
1,8,2,0
0.4
1,8,2,1
0.48
1,8,2,2
-0.16
1,9,0,0
1
1,9,0,1
0.76
1,9,0,2
0.06
1,9,1,0
0.6
1,9,1,1
0.14
1,9,1,2
0.24
1,9,2,0
-0.36
1,9,2,1
0.02
1,9,2,2
-0.04
10,0,0,0
0.62
10,0,0,1
0.5
10,0,0,2
0.34
10,0,1,0
0.46
10,0,1,1
0.54
10,0,1,2
-0.06
10,0,2,0
-0.2
10,0,2,1
0.66
10,0,2,2
-0.68
10,1,0,0
-0.44
10,1,0,1
-0.94
10,1,0,2
-0.74
10,1,1,0
-0.7
10,1,1,1
0.74
10,1,1,2
-0.4
10,1,2,0
-0.56
10,1,2,1
-0.22
10,1,2,2
-0.02
10,10,0,0
-0.16
10,10,0,1
0.34
10,10,0,2
-0.26
10,10,1,0
-0.96
10,10,1,1
0.16
10,10,1,2
0.1
10,10,2,0
-0.96
10,10,2,1
0.12
10,10,2,2
-0.88
10,2,0,0
-0.16
10,2,0,1
0.04
10,2,0,2
0.66
10,2,1,0
1
10,2,1,1
-0.86
10,2,1,2
0.34
10,2,2,0
-0.46
10,2,2,1
-0.4
10,2,2,2
0.24
10,3,0,0
-0.06
10,3,0,1
0.52
10,3,0,2
-0.92
10,3,1,0
-0.62
10,3,1,1
-0.74
10,3,1,2
-0.5
10,3,2,0
0.56
10,3,2,1
0.1
10,3,2,2
-0.92
10,4,0,0
-0.58
10,4,0,1
-0.04
10,4,0,2
-0.16
10,4,1,0
0.18
10,4,1,1
0.18
10,4,1,2
-0.06
10,4,2,0
-0.48
10,4,2,1
-0.06
10,4,2,2
0.84
10,5,0,0
0.34
10,5,0,1
-0.02
10,5,0,2
-0.96
10,5,1,0
-0.46
10,5,1,1
0.34
10,5,1,2
0.52
10,5,2,0
-0.12
10,5,2,1
-0.12
10,5,2,2
-0.54
10,6,0,0
0.38
10,6,0,1
0.66
10,6,0,2
1
10,6,1,0
0.28
10,6,1,1
-0.12
10,6,1,2
0.9
10,6,2,0
0.26
10,6,2,1
-0.08
10,6,2,2
-0.66
10,7,0,0
0.54
10,7,0,1
0.62
10,7,0,2
-0.68
10,7,1,0
0.54
10,7,1,1
0.6
10,7,1,2
0.56
10,7,2,0
-0.8
10,7,2,1
-0.48
10,7,2,2
-0.16
10,8,0,0
-0.62
10,8,0,1
-0.9
10,8,0,2
0.16
10,8,1,0
0.24
10,8,1,1
-0.16
10,8,1,2
0.18
10,8,2,0
0.7
10,8,2,1
0.54
10,8,2,2
-0.92
10,9,0,0
0.74
10,9,0,1
0.78
10,9,0,2
0.4
10,9,1,0
-0.24
10,9,1,1
-0.94
10,9,1,2
-0.3
10,9,2,0
-0.8
10,9,2,1
-0.84
10,9,2,2
0.74
2,0,0,0
0.76
2,0,0,1
-0.6
2,0,0,2
0.36
2,0,1,0
-0.18
2,0,1,1
-0.04
2,0,1,2
0.58
2,0,2,0
0.94
2,0,2,1
0.96
2,0,2,2
0.12
2,1,0,0
-0.12
2,1,0,1
0.46
2,1,0,2
-0.94
2,1,1,0
0.26
2,1,1,1
1
2,1,1,2
0.74
2,1,2,0
0.74
2,1,2,1
-0.18
2,1,2,2
0.58
2,10,0,0
-0.14
2,10,0,1
0.68
2,10,0,2
-0.6
2,10,1,0
-0.7
2,10,1,1
-0.32
2,10,1,2
-0.56
2,10,2,0
-0.3
2,10,2,1
-0.48
2,10,2,2
-0.44
2,2,0,0
0.28
2,2,0,1
0.66
2,2,0,2
0.26
2,2,1,0
-0.98
2,2,1,1
-0.58
2,2,1,2
0.44
2,2,2,0
-0.52
2,2,2,1
-0.82
2,2,2,2
0.5
2,3,0,0
0.02
2,3,0,1
-0.5
2,3,0,2
0.06
2,3,1,0
0.54
2,3,1,1
-1
2,3,1,2
0.04
2,3,2,0
-0.4
2,3,2,1
0.92
2,3,2,2
0.86
2,4,0,0
-0.36
2,4,0,1
0.78
2,4,0,2
0.4
2,4,1,0
0.78
2,4,1,1
0.1
2,4,1,2
0.42
2,4,2,0
0.58
2,4,2,1
-0.2
2,4,2,2
-0.8
2,5,0,0
0.28
2,5,0,1
0.6
2,5,0,2
-0.4
2,5,1,0
-0.62
2,5,1,1
0.24
2,5,1,2
0.34
2,5,2,0
0.96
2,5,2,1
-0.16
2,5,2,2
-0.84
2,6,0,0
-0.36
2,6,0,1
0.14
2,6,0,2
-0.46
2,6,1,0
-0.56
2,6,1,1
-0.98
2,6,1,2
-0.24
2,6,2,0
0.78
2,6,2,1
0.04
2,6,2,2
0.48
2,7,0,0
-0.14
2,7,0,1
-0.84
2,7,0,2
-0.96
2,7,1,0
0.3
2,7,1,1
0.64
2,7,1,2
-0.6
2,7,2,0
0.34
2,7,2,1
-0.56
2,7,2,2
-0.14
2,8,0,0
-0.56
2,8,0,1
0.9
2,8,0,2
-0.68
2,8,1,0
-0.04
2,8,1,1
-0.5
2,8,1,2
-0.88
2,8,2,0
0.5
2,8,2,1
0.72
2,8,2,2
0.92
2,9,0,0
-0.94
2,9,0,1
0.7
2,9,0,2
-0.14
2,9,1,0
0.38
2,9,1,1
0.86
2,9,1,2
-0.92
2,9,2,0
0.22
2,9,2,1
0.06
2,9,2,2
0.62
3,0,0,0
-0.34
3,0,0,1
0.34
3,0,0,2
-0.62
3,0,1,0
0.58
3,0,1,1
-0.62
3,0,1,2
-0.1
3,0,2,0
-0.84
3,0,2,1
-0.74
3,0,2,2
0.02
3,1,0,0
-1
3,1,0,1
0.72
3,1,0,2
0.36
3,1,1,0
-0.64
3,1,1,1
-0.06
3,1,1,2
0.64
3,1,2,0
-0.94
3,1,2,1
-0.68
3,1,2,2
0.6
3,10,0,0
0.42
3,10,0,1
-0.56
3,10,0,2
0.38
3,10,1,0
-0.12
3,10,1,1
-0.64
3,10,1,2
-0.38
3,10,2,0
0.2
3,10,2,1
-0.68
3,10,2,2
0.86
3,2,0,0
-1
3,2,0,1
-0.64
3,2,0,2
-0.22
3,2,1,0
-0.56
3,2,1,1
-0.9
3,2,1,2
-0.48
3,2,2,0
0.3
3,2,2,1
0.4
3,2,2,2
-0.58
3,3,0,0
0.84
3,3,0,1
0.32
3,3,0,2
0.3
3,3,1,0
-0.72
3,3,1,1
-0.88
3,3,1,2
-0.08
3,3,2,0
-0.08
3,3,2,1
-0.58
3,3,2,2
-0.36
3,4,0,0
0.6
3,4,0,1
-0.3
3,4,0,2
0.72
3,4,1,0
-0.88
3,4,1,1
0.34
3,4,1,2
-0.42
3,4,2,0
-0.16
3,4,2,1
0.42
3,4,2,2
-0.72
3,5,0,0
0.54
3,5,0,1
0.1
3,5,0,2
-0.94
3,5,1,0
-0.98
3,5,1,1
-0.72
3,5,1,2
-0.24
3,5,2,0
0.42
3,5,2,1
0.64
3,5,2,2
-0.18
3,6,0,0
0.3
3,6,0,1
-0.76
3,6,0,2
-0.9
3,6,1,0
0.54
3,6,1,1
-0.94
3,6,1,2
0.34
3,6,2,0
-0.56
3,6,2,1
0.18
3,6,2,2
-0.2
3,7,0,0
0.62
3,7,0,1
-0.04
3,7,0,2
0.26
3,7,1,0
0.26
3,7,1,1
-0.5
3,7,1,2
-0.1
3,7,2,0
-0.36
3,7,2,1
0.56
3,7,2,2
0.66
3,8,0,0
-0.48
3,8,0,1
0.92
3,8,0,2
-0.64
3,8,1,0
0.98
3,8,1,1
-0.1
3,8,1,2
0.12
3,8,2,0
-0.38
3,8,2,1
-0.4
3,8,2,2
-0.1
3,9,0,0
-0.06
3,9,0,1
0.6
3,9,0,2
-0.98
3,9,1,0
-0.86
3,9,1,1
0.62
3,9,1,2
-0.64
3,9,2,0
-0.98
3,9,2,1
0.8
3,9,2,2
-0.7
4,0,0,0
-0.74
4,0,0,1
-0.66
4,0,0,2
-0.12
4,0,1,0
0.94
4,0,1,1
0.96
4,0,1,2
0.02
4,0,2,0
-0.08
4,0,2,1
-0.16
4,0,2,2
-0.56
4,1,0,0
-0.06
4,1,0,1
0.44
4,1,0,2
0.94
4,1,1,0
-0.52
4,1,1,1
0.04
4,1,1,2
0.1
4,1,2,0
0.18
4,1,2,1
-0.5
4,1,2,2
1
4,10,0,0
1
4,10,0,1
0.48
4,10,0,2
0.48
4,10,1,0
-0.76
4,10,1,1
0.44
4,10,1,2
-0.24
4,10,2,0
-0.32
4,10,2,1
-0.72
4,10,2,2
-0.56
4,2,0,0
-0.44
4,2,0,1
-0.9
4,2,0,2
-0.72
4,2,1,0
0.52
4,2,1,1
-0.36
4,2,1,2
-0.18
4,2,2,0
0.94
4,2,2,1
0.22
4,2,2,2
-0.36
4,3,0,0
-0.6
4,3,0,1
-1
4,3,0,2
-0.96
4,3,1,0
-0.84
4,3,1,1
-0.18
4,3,1,2
0.04
4,3,2,0
0.54
4,3,2,1
-0.3
4,3,2,2
-0.56
4,4,0,0
0.96
4,4,0,1
0.56
4,4,0,2
0.84
4,4,1,0
0.36
4,4,1,1
-0.42
4,4,1,2
0.64
4,4,2,0
-0.34
4,4,2,1
-0.44
4,4,2,2
-0.68
4,5,0,0
-0.9
4,5,0,1
-0.82
4,5,0,2
-0.58
4,5,1,0
-0.74
4,5,1,1
-0.48
4,5,1,2
-0.22
4,5,2,0
0.18
4,5,2,1
0.38
4,5,2,2
-0.8
4,6,0,0
-0.16
4,6,0,1
-0.92
4,6,0,2
-0.74
4,6,1,0
0.6
4,6,1,1
-0.32
4,6,1,2
-0.16
4,6,2,0
1
4,6,2,1
-0.12
4,6,2,2
-0.36
4,7,0,0
0.4
4,7,0,1
-0.7
4,7,0,2
-0.36
4,7,1,0
-0.84
4,7,1,1
0.66
4,7,1,2
-0.8
4,7,2,0
-0.54
4,7,2,1
0.46
4,7,2,2
-0.84
4,8,0,0
0.06
4,8,0,1
-0.86
4,8,0,2
-0.58
4,8,1,0
-0.8
4,8,1,1
0.04
4,8,1,2
-0.72
4,8,2,0
0.64
4,8,2,1
-0.44
4,8,2,2
-0.52
4,9,0,0
-0.34
4,9,0,1
0.88
4,9,0,2
0.18
4,9,1,0
-0.92
4,9,1,1
-0.66
4,9,1,2
0.46
4,9,2,0
0.06
4,9,2,1
0.7
4,9,2,2
-0.38
5,0,0,0
0.06
5,0,0,1
-1
5,0,0,2
-0.4
5,0,1,0
0.9
5,0,1,1
-0.94
5,0,1,2
0.04
5,0,2,0
0.58
5,0,2,1
-0.18
5,0,2,2
-0.28
5,1,0,0
0.62
5,1,0,1
-0.5
5,1,0,2
-0.52
5,1,1,0
0.34
5,1,1,1
-0.04
5,1,1,2
0.9
5,1,2,0
-0.12
5,1,2,1
-0.86
5,1,2,2
0.92
5,10,0,0
-0.92
5,10,0,1
-0.1
5,10,0,2
-0.46
5,10,1,0
-0.82
5,10,1,1
-0.32
5,10,1,2
0.64
5,10,2,0
0.18
5,10,2,1
-0.96
5,10,2,2
-0.6
5,2,0,0
0.54
5,2,0,1
0.8
5,2,0,2
-0.04
5,2,1,0
0.84
5,2,1,1
-0.1
5,2,1,2
0.56
5,2,2,0
0.86
5,2,2,1
0.9
5,2,2,2
-0.24
5,3,0,0
0.42
5,3,0,1
-0.92
5,3,0,2
0.66
5,3,1,0
0.58
5,3,1,1
0.28
5,3,1,2
0.78
5,3,2,0
-1
5,3,2,1
0.52
5,3,2,2
0.62
5,4,0,0
-0.32
5,4,0,1
0.32
5,4,0,2
-0.98
5,4,1,0
-0.74
5,4,1,1
0.16
5,4,1,2
-0.92
5,4,2,0
-0.2
5,4,2,1
-0.9
5,4,2,2
-0.52
5,5,0,0
-0.66
5,5,0,1
-0.88
5,5,0,2
0.3
5,5,1,0
-0.74
5,5,1,1
-0.74
5,5,1,2
0.52
5,5,2,0
-0.94
5,5,2,1
-0.6
5,5,2,2
-0.84
5,6,0,0
-0.28
5,6,0,1
-0.76
5,6,0,2
0.2
5,6,1,0
-0.26
5,6,1,1
-0.16
5,6,1,2
0.06
5,6,2,0
0.74
5,6,2,1
-0.8
5,6,2,2
0.3
5,7,0,0
-0.16
5,7,0,1
-0.5
5,7,0,2
-0.06
5,7,1,0
-0.18
5,7,1,1
-0.34
5,7,1,2
0.42
5,7,2,0
0.38
5,7,2,1
0.88
5,7,2,2
-0.52
5,8,0,0
-0.76
5,8,0,1
0.84
5,8,0,2
-0.78
5,8,1,0
0.42
5,8,1,1
-0.94
5,8,1,2
0.64
5,8,2,0
0.82
5,8,2,1
0.8
5,8,2,2
-0.6
5,9,0,0
0.9
5,9,0,1
-0.12
5,9,0,2
0.52
5,9,1,0
0.2
5,9,1,1
-0.32
5,9,1,2
0.9
5,9,2,0
-0.02
5,9,2,1
-0.2
5,9,2,2
0.78
6,0,0,0
0.36
6,0,0,1
-0.56
6,0,0,2
-0.42
6,0,1,0
-0.8
6,0,1,1
-0.98
6,0,1,2
-0.54
6,0,2,0
-0.62
6,0,2,1
-0.06
6,0,2,2
-0.68
6,1,0,0
0.52
6,1,0,1
-0.06
6,1,0,2
-0.02
6,1,1,0
0.8
6,1,1,1
0.88
6,1,1,2
-0.8
6,1,2,0
-0.64
6,1,2,1
0.1
6,1,2,2
0.38
6,10,0,0
-0.94
6,10,0,1
-0.02
6,10,0,2
0.42
6,10,1,0
-0.38
6,10,1,1
-0.24
6,10,1,2
0.72
6,10,2,0
0.96
6,10,2,1
-0.66
6,10,2,2
-0.7
6,2,0,0
-0.72
6,2,0,1
-0.48
6,2,0,2
0.18
6,2,1,0
0.54
6,2,1,1
0.46
6,2,1,2
-0.84
6,2,2,0
-0.58
6,2,2,1
0.44
6,2,2,2
-0.98
6,3,0,0
0.48
6,3,0,1
0.52
6,3,0,2
0.02
6,3,1,0
0.88
6,3,1,1
-0.12
6,3,1,2
-0.52
6,3,2,0
0.96
6,3,2,1
0.42
6,3,2,2
0.54
6,4,0,0
0.18
6,4,0,1
-0.82
6,4,0,2
-0.76
6,4,1,0
-0.02
6,4,1,1
-0.24
6,4,1,2
0.44
6,4,2,0
-0.56
6,4,2,1
0.1
6,4,2,2
-0.3
6,5,0,0
0.22
6,5,0,1
-0.68
6,5,0,2
-0.04
6,5,1,0
-0.18
6,5,1,1
-0.58
6,5,1,2
0.34
6,5,2,0
0.48
6,5,2,1
0.84
6,5,2,2
-0.92
6,6,0,0
-0.86
6,6,0,1
0.7
6,6,0,2
-0.32
6,6,1,0
0.84
6,6,1,1
-0.22
6,6,1,2
0.92
6,6,2,0
-0.16
6,6,2,1
-0.48
6,6,2,2
-0.98
6,7,0,0
-0.98
6,7,0,1
-0.92
6,7,0,2
0.28
6,7,1,0
-0.34
6,7,1,1
0.92
6,7,1,2
0.24
6,7,2,0
-0.54
6,7,2,1
0.34
6,7,2,2
0.52
6,8,0,0
-0.48
6,8,0,1
-0.06
6,8,0,2
-0.36
6,8,1,0
0.46
6,8,1,1
0.64
6,8,1,2
-0.4
6,8,2,0
-0.72
6,8,2,1
0.22
6,8,2,2
-0.58
6,9,0,0
0.84
6,9,0,1
-0.2
6,9,0,2
-0.92
6,9,1,0
-0.96
6,9,1,1
-0.24
6,9,1,2
0.52
6,9,2,0
0.28
6,9,2,1
-0.84
6,9,2,2
-0.72
7,0,0,0
0.96
7,0,0,1
-0.36
7,0,0,2
0.1
7,0,1,0
0.38
7,0,1,1
-0.08
7,0,1,2
0.22
7,0,2,0
-0.94
7,0,2,1
-0.12
7,0,2,2
0.34
7,1,0,0
0
7,1,0,1
-0.12
7,1,0,2
0.52
7,1,1,0
-1
7,1,1,1
-0.1
7,1,1,2
-0.54
7,1,2,0
-0.5
7,1,2,1
-0.78
7,1,2,2
0.64
7,10,0,0
-0.3
7,10,0,1
0.46
7,10,0,2
-0.4
7,10,1,0
-0.96
7,10,1,1
-0.14
7,10,1,2
-0.78
7,10,2,0
-0.18
7,10,2,1
0.16
7,10,2,2
0.64
7,2,0,0
0.98
7,2,0,1
-0.78
7,2,0,2
-0.22
7,2,1,0
0
7,2,1,1
-0.2
7,2,1,2
-0.58
7,2,2,0
0.04
7,2,2,1
-0.66
7,2,2,2
0.2
7,3,0,0
-0.12
7,3,0,1
0.8
7,3,0,2
-0.12
7,3,1,0
-0.88
7,3,1,1
-0.68
7,3,1,2
-0.24
7,3,2,0
-0.94
7,3,2,1
-0.18
7,3,2,2
-0.14
7,4,0,0
0.12
7,4,0,1
-0.48
7,4,0,2
-0.52
7,4,1,0
-1
7,4,1,1
-0.82
7,4,1,2
0.8
7,4,2,0
-0.28
7,4,2,1
0
7,4,2,2
-0.74
7,5,0,0
-0.16
7,5,0,1
0.76
7,5,0,2
0.74
7,5,1,0
0.32
7,5,1,1
-0.36
7,5,1,2
-0.44
7,5,2,0
0.46
7,5,2,1
0.88
7,5,2,2
0.04
7,6,0,0
-0.78
7,6,0,1
-0.3
7,6,0,2
-0.06
7,6,1,0
-0.82
7,6,1,1
0.74
7,6,1,2
-0.26
7,6,2,0
0.14
7,6,2,1
-0.7
7,6,2,2
0.12
7,7,0,0
-0.24
7,7,0,1
0.9
7,7,0,2
-0.88
7,7,1,0
-0.14
7,7,1,1
-0.54
7,7,1,2
-0.4
7,7,2,0
0.68
7,7,2,1
-0.22
7,7,2,2
0.76
7,8,0,0
0.38
7,8,0,1
-0.9
7,8,0,2
-0.32
7,8,1,0
0.62
7,8,1,1
0.86
7,8,1,2
0.72
7,8,2,0
-0.96
7,8,2,1
0.54
7,8,2,2
-0.8
7,9,0,0
-0.44
7,9,0,1
-0.4
7,9,0,2
0.94
7,9,1,0
0.36
7,9,1,1
-0.72
7,9,1,2
-0.76
7,9,2,0
0.76
7,9,2,1
-0.98
7,9,2,2
1
8,0,0,0
-0.88
8,0,0,1
0.68
8,0,0,2
0.42
8,0,1,0
-0.68
8,0,1,1
-0.64
8,0,1,2
0.34
8,0,2,0
-0.18
8,0,2,1
1
8,0,2,2
0.84
8,1,0,0
0.56
8,1,0,1
0.14
8,1,0,2
-0.86
8,1,1,0
-0.3
8,1,1,1
0.38
8,1,1,2
0.12
8,1,2,0
0.52
8,1,2,1
-0.74
8,1,2,2
0.86
8,10,0,0
0.92
8,10,0,1
0.44
8,10,0,2
-0.18
8,10,1,0
0.82
8,10,1,1
-0.78
8,10,1,2
0.44
8,10,2,0
-0.86
8,10,2,1
0.84
8,10,2,2
-0.76
8,2,0,0
-0.48
8,2,0,1
-0.48
8,2,0,2
-0.24
8,2,1,0
-0.58
8,2,1,1
0.92
8,2,1,2
-0.86
8,2,2,0
0.76
8,2,2,1
-0.96
8,2,2,2
0.2
8,3,0,0
-0.66
8,3,0,1
0.08
8,3,0,2
0.9
8,3,1,0
-0.48
8,3,1,1
-0.96
8,3,1,2
-1
8,3,2,0
-0.58
8,3,2,1
0.74
8,3,2,2
-0.78
8,4,0,0
0.92
8,4,0,1
-0.28
8,4,0,2
0.66
8,4,1,0
0.76
8,4,1,1
-0.38
8,4,1,2
-0.52
8,4,2,0
-0.52
8,4,2,1
0.24
8,4,2,2
-0.72
8,5,0,0
0.76
8,5,0,1
0.68
8,5,0,2
-0.22
8,5,1,0
-0.56
8,5,1,1
-0.66
8,5,1,2
0.68
8,5,2,0
0.92
8,5,2,1
-0.98
8,5,2,2
0.56
8,6,0,0
0.82
8,6,0,1
0.06
8,6,0,2
-0.82
8,6,1,0
-0.3
8,6,1,1
0.5
8,6,1,2
0.74
8,6,2,0
1
8,6,2,1
-0.34
8,6,2,2
0.6
8,7,0,0
-0.16
8,7,0,1
-0.86
8,7,0,2
-0.6
8,7,1,0
0
8,7,1,1
0.3
8,7,1,2
0.62
8,7,2,0
0.84
8,7,2,1
-0.72
8,7,2,2
-0.1
8,8,0,0
0.92
8,8,0,1
-0.32
8,8,0,2
-0.88
8,8,1,0
-0.6
8,8,1,1
0.72
8,8,1,2
0.02
8,8,2,0
-0.92
8,8,2,1
-0.62
8,8,2,2
0.4
8,9,0,0
0.82
8,9,0,1
-0.74
8,9,0,2
-1
8,9,1,0
-0.16
8,9,1,1
0.4
8,9,1,2
-0.14
8,9,2,0
-0.7
8,9,2,1
-0.06
8,9,2,2
-0.72
9,0,0,0
-0.68
9,0,0,1
0.02
9,0,0,2
-0.74
9,0,1,0
0.72
9,0,1,1
-0.2
9,0,1,2
0
9,0,2,0
-0.14
9,0,2,1
0.1
9,0,2,2
-0.48
9,1,0,0
-0.86
9,1,0,1
-0.98
9,1,0,2
0.4
9,1,1,0
-0.64
9,1,1,1
0.42
9,1,1,2
0.98
9,1,2,0
-0.02
9,1,2,1
0.1
9,1,2,2
0.88
9,10,0,0
0.34
9,10,0,1
0.14
9,10,0,2
0.22
9,10,1,0
-0.58
9,10,1,1
-0.18
9,10,1,2
0.9
9,10,2,0
0.08
9,10,2,1
0
9,10,2,2
-0.62
9,2,0,0
0.56
9,2,0,1
-0.2
9,2,0,2
0.18
9,2,1,0
-0.6
9,2,1,1
0.92
9,2,1,2
-0.32
9,2,2,0
-0.88
9,2,2,1
-0.44
9,2,2,2
0.7
9,3,0,0
-0.16
9,3,0,1
0.4
9,3,0,2
0.24
9,3,1,0
0.26
9,3,1,1
-0.36
9,3,1,2
-0.32
9,3,2,0
0.94
9,3,2,1
0.6
9,3,2,2
-0.02
9,4,0,0
-0.06
9,4,0,1
0
9,4,0,2
0.46
9,4,1,0
0.7
9,4,1,1
0.26
9,4,1,2
-0.6
9,4,2,0
-0.42
9,4,2,1
-1
9,4,2,2
-0.62
9,5,0,0
0.82
9,5,0,1
0.68
9,5,0,2
0.16
9,5,1,0
0.1
9,5,1,1
-0.34
9,5,1,2
-0.92
9,5,2,0
0.36
9,5,2,1
0.1
9,5,2,2
-0.76
9,6,0,0
-0.24
9,6,0,1
-0.02
9,6,0,2
-0.82
9,6,1,0
-0.74
9,6,1,1
0.98
9,6,1,2
-0.92
9,6,2,0
-0.3
9,6,2,1
-0.48
9,6,2,2
-0.9
9,7,0,0
-0.16
9,7,0,1
-0.42
9,7,0,2
0.96
9,7,1,0
-0.6
9,7,1,1
0.9
9,7,1,2
0.54
9,7,2,0
-0.28
9,7,2,1
0.26
9,7,2,2
-0.18
9,8,0,0
-0.16
9,8,0,1
-0.1
9,8,0,2
0.62
9,8,1,0
-0.2
9,8,1,1
0.06
9,8,1,2
0.2
9,8,2,0
-0.9
9,8,2,1
0.1
9,8,2,2
-0.82
9,9,0,0
-0.74
9,9,0,1
-0.32
9,9,0,2
-0.88
9,9,1,0
0.04
9,9,1,1
-0.44
9,9,1,2
-0.3
9,9,2,0
-0.34
9,9,2,1
-0.42
9,9,2,2
-0.58
