744
4
1
68
84
200
57
3
68
84
200
57
3
65
84
200
57
3
64
84
200
57
3
64
84
200
57
3
64
84
200
57
3
64
84
200
57
3
63
84
200
57
3
63
84
200
57
3
63
84
200
57
3
61
84
200
57
3
61
84
200
57
3
60
84
200
57
3
58
84
200
57
3
58
84
200
57
3
57
84
200
57
3
57
84
200
57
3
57
84
200
57
3
56
84
200
57
3
56
84
45
57
3
54
84
42
57
3
54
84
42
57
3
54
84
42
57
3
53
84
42
57
3
51
84
41
57
3
50
84
41
57
3
50
84
40
57
3
48
84
40
57
3
48
84
40
57
3
48
84
38
57
3
48
84
38
57
3
47
84
37
57
3
46
84
37
57
3
46
84
36
57
3
46
84
36
57
2
59
70
36
58
2
87
62
36
62
3
90
61
36
61
3
93
59
37
59
3
96
58
39
58
3
99
57
40
57
3
102
56
39
56
3
105
54
40
54
3
104
53
41
53
3
106
52
43
52
3
109
51
43
51
3
112
50
44
50
3
115
48
45
48
3
118
47
47
47
3
121
46
48
46
3
124
45
48
45
3
130
43
49
43
3
146
42
50
42
3
149
41
52
41
1
89
46
48
38
1
70
55
48
37
1
58
72
50
38
3
58
73
50
38
3
57
74
49
39
3
56
76
47
40
3
56
77
47
40
3
55
78
46
41
3
54
79
46
41
3
54
80
45
42
3
53
81
43
42
3
52
82
43
42
3
51
83
42
43
2
59
63
41
43
3
59
63
41
42
3
59
63
41
42
3
59
63
41
42
3
59
63
41
42
3
59
63
41
42
3
59
63
41
42
3
59
63
41
42
3
59
63
41
42
3
59
63
41
42
3
59
63
41
42
3
59
63
41
42
3
59
63
41
42
3
61
63
41
42
3
61
63
41
42
3
61
63
41
42
3
61
63
39
42
3
66
63
39
42
3
68
63
39
42
3
68
63
39
42
3
68
63
39
42
3
68
63
39
42
3
68
63
39
42
3
68
63
39
42
3
68
63
39
42
1
56
83
40
43
3
56
84
40
43
3
55
85
39
44
3
54
86
38
45
3
53
87
38
45
3
53
88
37
46
3
52
89
37
46
3
51
90
36
47
3
51
91
35
48
3
50
94
36
48
3
48
95
35
49
3
47
98
35
49
2
57
72
38
48
3
57
72
39
48
3
57
72
39
48
3
57
72
39
48
3
57
72
39
48
3
57
72
39
48
3
57
72
39
48
3
57
74
39
48
3
57
74
39
48
3
57
75
39
48
3
57
75
38
48
3
57
76
38
48
3
57
76
38
48
3
57
78
38
48
3
57
78
38
48
3
57
78
38
48
3
57
78
38
48
3
57
78
38
48
3
60
78
38
48
3
60
78
38
48
3
60
79
38
48
3
60
78
38
48
3
60
75
38
48
3
60
74
38
48
3
60
72
38
48
3
60
71
38
48
3
59
71
38
49
3
59
71
38
49
3
59
71
38
49
3
57
71
38
50
3
56
71
38
50
3
56
71
38
51
3
56
71
38
51
3
56
71
38
51
3
56
71
40
52
3
53
71
40
52
3
53
71
40
52
3
53
71
40
52
3
53
71
40
52
3
53
71
40
52
3
53
71
40
52
3
53
71
40
53
3
53
71
40
51
3
53
71
39
48
3
53
71
39
47
3
53
71
38
47
3
53
71
37
47
3
52
71
37
47
3
52
71
37
47
3
52
72
37
47
3
50
72
35
47
3
50
72
35
47
3
50
75
35
47
3
50
75
35
47
3
50
76
35
47
3
50
76
35
47
3
50
76
35
47
3
50
78
35
47
3
50
78
35
47
3
50
79
35
47
3
50
79
35
47
3
50
78
35
47
3
54
76
34
47
3
59
74
34
47
3
66
72
33
47
3
67
71
33
47
3
67
69
33
47
3
67
68
33
47
3
67
68
33
48
3
67
68
33
48
3
67
68
33
48
3
67
68
33
48
3
67
68
33
50
3
67
67
33
50
3
67
65
33
50
3
67
64
33
51
3
66
62
34
51
3
66
62
36
51
3
66
62
37
52
3
66
62
39
52
3
66
62
41
53
3
66
62
42
53
3
66
62
44
52
3
66
62
45
49
3
66
62
45
47
3
66
62
45
45
3
66
62
45
45
3
66
62
45
45
3
66
62
45
45
3
66
62
45
45
3
200
62
45
45
3
200
62
45
45
3
200
62
45
42
3
200
62
45
41
3
200
62
44
41
3
200
62
44
41
3
200
62
44
41
3
200
62
44
41
3
200
61
44
41
3
200
61
44
41
3
200
61
44
41
3
200
61
44
41
3
200
61
44
41
3
200
59
44
41
3
200
59
44
41
3
200
59
44
41
3
200
59
44
41
3
197
59
44
41
3
193
57
119
41
3
189
55
143
41
3
184
54
148
41
3
180
52
151
41
3
176
52
158
41
3
172
51
163
41
3
167
51
178
41
3
163
51
191
40
3
26
25
200
43
1
37
19
200
45
1
59
17
200
49
1
140
15
182
34
1
200
15
154
25
1
200
15
130
19
1
200
17
130
17
1
182
19
200
15
1
154
26
200
15
1
130
37
200
15
1
130
59
123
17
1
200
140
78
19
3
200
148
83
21
3
197
157
89
23
3
193
165
94
28
3
188
174
100
30
3
184
182
104
32
3
179
191
109
34
3
174
199
113
36
3
166
200
118
38
3
153
200
122
40
3
135
200
127
42
3
123
200
131
44
3
110
200
136
46
3
97
200
140
48
3
86
200
145
50
3
83
200
149
53
3
81
200
161
55
3
80
200
165
58
3
78
200
170
60
3
76
200
189
62
3
75
200
192
66
3
73
200
196
68
3
71
200
199
70
3
70
200
200
72
3
68
200
200
74
3
66
200
200
76
3
64
200
200
78
3
63
200
200
80
2
67
177
200
71
2
76
124
200
65
2
88
95
61
62
2
101
80
63
63
3
99
79
63
62
3
99
78
64
62
3
99
78
65
61
3
97
77
65
61
3
96
76
66
60
3
95
75
66
60
3
95
75
67
60
3
96
74
68
60
3
93
73
68
60
3
94
73
69
59
3
96
72
69
58
3
95
71
70
58
3
96
70
71
58
3
95
70
71
58
3
96
69
71
57
3
94
68
70
56
3
95
68
71
56
3
96
67
71
55
3
97
66
72
55
3
96
66
73
54
3
97
65
72
54
3
97
64
73
53
3
97
63
72
52
3
98
63
72
52
3
99
62
71
51
3
101
61
69
51
3
102
61
67
50
3
103
60
67
49
3
104
59
66
49
3
105
58
65
48
3
106
58
64
48
3
107
57
65
47
3
108
56
64
46
3
109
56
64
46
3
110
55
64
45
3
111
54
64
45
3
112
54
64
44
1
86
65
66
43
3
86
65
65
43
3
86
65
64
43
3
86
64
64
43
3
86
62
63
43
3
86
60
63
43
3
86
58
62
43
3
86
58
62
43
3
86
58
61
43
3
86
58
60
43
3
86
58
60
43
3
86
58
60
43
3
86
58
60
43
3
86
58
59
43
3
86
58
59
43
3
86
56
58
43
3
86
56
58
43
3
86
56
58
43
3
86
56
58
43
3
86
56
58
43
3
86
56
58
43
3
86
56
58
41
3
86
56
58
39
3
86
56
58
38
3
86
56
58
38
3
86
56
58
38
3
86
56
58
38
3
86
56
58
38
3
86
56
58
38
3
86
56
58
38
3
86
56
58
38
3
86
56
58
37
3
86
56
58
37
3
86
56
58
37
3
86
56
58
37
3
86
56
58
37
3
86
56
58
37
3
86
56
58
37
3
86
56
58
37
3
86
56
58
37
3
86
56
58
37
3
86
56
58
37
3
86
56
58
37
3
86
56
58
37
3
86
55
58
37
3
86
55
58
37
3
86
55
58
37
3
86
55
58
37
3
86
55
58
37
3
86
55
58
37
3
86
55
58
37
3
86
53
58
37
3
86
53
58
37
3
86
53
58
37
3
37
200
41
99
2
40
200
37
95
2
45
153
36
89
2
55
112
36
85
2
73
99
37
84
3
74
98
38
83
3
75
97
38
83
3
76
96
39
84
3
75
94
39
83
3
76
93
40
83
3
77
91
41
83
3
76
91
41
84
3
78
90
42
83
3
77
88
42
83
3
78
87
43
83
3
79
87
44
82
3
78
85
44
82
3
77
84
45
81
3
78
83
45
80
3
79
83
46
80
3
81
82
47
79
3
81
81
47
79
3
81
80
48
78
3
82
80
48
77
3
83
79
49
77
3
84
78
50
76
3
85
78
50
75
3
86
77
51
73
3
87
77
50
71
3
88
78
51
70
3
89
78
52
67
3
90
78
51
65
3
91
77
52
65
3
92
79
51
63
3
93
78
52
62
3
95
77
52
61
3
96
78
53
59
1
73
93
53
57
3
73
93
53
57
3
73
93
52
57
3
73
93
52
57
3
73
93
52
57
3
73
93
50
57
3
73
93
50
57
3
73
93
50
57
3
73
93
50
58
3
73
93
50
59
3
73
93
50
59
3
73
93
49
60
3
73
93
49
60
3
73
93
49
61
3
73
93
49
62
3
73
93
49
62
3
73
93
49
63
3
73
95
49
63
3
73
95
49
63
3
73
95
49
63
3
73
95
49
63
3
73
95
49
63
3
73
95
49
63
3
73
95
49
63
3
73
96
49
63
3
73
96
49
63
3
73
96
49
63
3
73
96
49
63
3
73
96
49
63
3
73
96
49
63
3
73
96
49
63
3
73
96
49
63
3
73
96
49
63
3
73
96
49
63
3
73
96
49
63
3
73
96
49
63
3
73
96
49
63
3
73
96
49
63
3
73
96
49
63
3
73
96
49
63
3
73
97
49
63
3
73
97
49
64
3
73
97
49
64
3
73
97
49
64
3
73
97
49
64
3
73
97
49
64
3
73
97
49
64
3
73
97
49
64
3
73
97
49
64
3
73
97
49
65
3
73
97
49
65
3
73
97
49
65
3
73
97
49
65
3
73
97
49
65
3
73
97
49
65
3
73
97
49
65
3
73
97
49
65
3
73
97
49
65
3
72
97
49
65
3
72
97
49
65
3
72
97
49
65
3
72
97
49
65
3
72
97
49
65
3
72
97
49
65
3
72
97
49
65
3
72
97
49
66
3
72
97
49
66
3
72
97
49
66
3
72
97
49
66
3
72
97
49
66
3
72
96
49
66
3
72
96
49
66
3
72
96
49
66
3
73
96
49
66
3
74
96
49
66
3
74
95
49
66
3
76
93
49
66
3
76
93
48
66
3
76
93
48
66
3
76
92
48
66
3
76
92
48
66
3
200
90
48
66
3
200
90
48
66
3
200
90
48
66
3
200
90
48
66
3
200
90
48
66
3
200
90
48
66
3
200
90
48
66
3
200
90
48
66
3
200
90
48
66
3
196
90
48
66
3
190
90
48
66
3
184
90
48
66
3
177
90
50
66
3
173
90
50
66
3
167
90
50
65
3
163
90
51
65
3
157
90
51
65
3
153
90
51
65
3
145
90
51
65
3
139
90
51
63
3
135
90
130
63
3
131
90
146
63
3
124
90
166
62
3
119
90
185
62
3
115
90
200
61
3
111
90
200
61
3
107
90
200
61
3
102
90
200
61
3
98
90
200
61
3
94
90
200
61
3
90
90
200
61
3
85
90
200
61
3
82
90
200
61
3
79
85
200
61
3
75
81
200
61
1
95
69
171
62
1
179
65
103
67
1
200
63
68
75
1
200
62
75
81
1
171
62
94
69
1
103
65
143
65
3
106
63
136
65
3
109
61
129
64
3
112
59
119
63
3
115
57
111
62
3
118
55
104
61
3
121
53
97
60
3
121
50
90
59
3
123
49
83
57
3
122
45
76
56
3
125
43
73
55
3
126
41
69
54
3
126
40
61
53
3
126
39
54
50
3
129
38
54
49
3
132
37
56
47
3
132
36
57
45
3
133
33
58
44
3
136
31
59
42
1
103
35
55
35
1
80
43
200
29
3
80
43
200
29
3
80
43
200
30
3
80
46
78
30
3
80
46
54
30
3
80
46
54
28
3
80
48
54
28
3
80
50
54
28
3
80
52
54
28
3
79
52
54
28
3
79
53
54
28
3
78
55
54
28
3
76
55
54
28
3
76
58
54
28
3
76
59
54
28
3
76
60
54
28
3
75
60
54
30
3
73
60
54
30
3
72
60
54
30
3
72
60
54
31
3
72
60
54
31
3
72
63
54
33
3
82
18
122
12
1
67
23
200
12
3
66
23
200
12
3
65
25
200
12
3
65
25
200
12
3
64
26
200
12
3
64
37
200
14
3
62
37
200
14
3
62
43
162
14
3
62
44
123
14
3
61
47
47
14
3
61
47
47
15
3
61
49
47
15
3
60
49
46
16
3
60
50
46
17
3
60
50
45
19
3
58
53
45
22
3
58
53
45
24
3
57
53
44
24
3
55
53
44
26
3
55
54
43
28
3
54
54
43
29
3
54
56
42
29
3
53
56
42
31
3
53
56
41
31
3
53
56
41
31
3
53
56
41
32
3
53
56
40
32
3
53
56
40
33
3
53
56
40
33
3
53
56
39
35
3
53
56
39
35
3
53
56
38
35
3
53
56
37
35
3
53
56
36
35
3
53
56
36
36
3
53
56
35
36
3
53
56
35
37
3
53
56
34
37
3
53
56
34
37
2
68
46
35
36
3
69
45
36
37
3
70
45
36
36
3
71
44
37
36
3
72
43
38
35
3
71
42
38
35
3
70
42
39
34
3
72
41
39
33
3
73
40
40
33
3
74
40
41
32
3
75
39
41
32
3
74
38
42
31
3
75
37
42
30
1
58
46
41
30
3
58
46
41
30
3
58
46
41
30
3
58
46
41
30
3
58
46
41
30
3
58
46
41
30
3
58
46
40
30
3
57
46
40
30
3
57
46
40
30
3
57
46
40
30
3
57
46
40
30
3
57
46
40
30
3
57
46
40
30
3
55
46
40
30
3
55
46
40
30
3
55
46
40
30
3
55
46
38
30
3
55
46
38
30
3
55
46
38
30
3
38
0
100
7
1
200
0
81
4
1
200
0
72
2
1
170
0
96
0
1
100
2
200
0
1
81
4
200
0
1
72
7
200
0
1
96
15
128
0
1
200
38
95
2
1
200
200
78
4
3
200
200
79
7
3
200
200
82
10
3
200
200
84
13
3
200
200
86
16
3
200
200
87
19
3
200
200
90
22
3
200
200
92
25
3
200
200
95
28
3
200
200
96
31
3
200
200
99
34
3
200
200
102
37
3
200
200
104
40
3
200
200
107
43
2
40
148
135
35
2
34
81
190
30
2
38
55
200
28
3
36
56
200
29
3
35
57
200
29
3
34
58
200
30
3
32
59
200
30
3
30
58
200
31
3
29
59
200
32
3
28
61
30
32
2
32
47
26
31
3
32
47
26
31
3
32
47
26
31
3
32
47
25
31
3
32
46
25
31
3
32
46
23
31
3
200
100
196
31
3
200
103
200
32
3
200
111
200
33
3
200
114
200
34
3
200
117
200
35
3
200
128
200
37
3
200
134
200
38
3
200
136
200
39
3
200
133
44
40
3
200
130
44
42
3
200
127
48
44
3
200
124
51
46
3
200
121
55
48
3
200
118
63
49
3
200
115
67
50
3
200
112
71
51
3
200
109
74
54
3
200
106
81
55
3
200
103
88
56
3
200
100
96
57
3
200
98
103
59
3
200
95
110
60
3
200
92
117
61
3
200
89
125
62
3
200
86
132
65
3
200
83
139
67
3
200
81
146
68
1
191
79
98
79
1
181
79
78
101
1
177
84
67
88
1
146
94
67
81
1
98
110
149
79
1
78
137
149
79
3
76
137
148
79
3
75
137
148
81
3
75
137
146
82
3
75
137
146
82
3
75
137
146
82
3
75
137
146
82
3
75
137
146
82
3
75
137
146
83
3
75
137
146
85
3
75
138
58
85
3
75
138
57
85
3
75
138
56
86
3
75
138
55
86
3
75
138
54
87
3
75
138
54
87
3
75
138
54
88
3
75
138
54
88
3
75
138
54
88
3
75
138
53
89
3
75
138
52
90
3
75
138
51
90
3
75
138
50
90
3
75
138
50
91
3
68
84
200
57
3
68
84
200
57
3
65
84
200
57
2
80
70
200
58
2
106
62
126
63
2
180
58
84
75
3
189
56
80
71
3
197
54
73
68
3
200
53
69
66
3
200
51
65
63
3
200
49
63
61
3
200
48
65
58
3
200
46
67
56
3
200
44
69
54
3
200
42
70
52
3
200
41
72
50
3
200
39
73
48
3
200
37
75
46
3
200
36
75
44
3
200
34
76
42
3
200
32
78
40
3
200
31
79
38
3
200
29
80
36
1
